000e0ee0: 000000 000000 000000 000000 000000 000000 000000 000000 000000 000000 000000 000000  ....................................
000e0f04: 000000 000000 000000 000000 000000 000000 000000 000000 000000 000000 000000 000000  ....................................
000e0f28: 000000 000000 000000 000000 000000 000000 000000 000000 000000 000000 000000 000000  ....................................
000e0f4c: 000000 000000 000000 000000 000000 000000 000000 000000 000000 000000 000000 000000  ....................................
000e0f70: 000000 000000 000000 000000 000000 000000 000000 000000 000000 000000 000000 000000  ....................................
000e0f94: 000000 000000 000000 000000 000000 000000 000000 000000 000000 000000 000000 000000  ....................................
000e0fb8: 000000 000000 000000 000000 000000 000000 000000 000000 000000 000000 000000 000000  ....................................
000e0fdc: 000000 000000 000000 000000 000000 000000 000000 000000 000000 000000 000000 000000  ....................................
000e1000: 000000 000000 000000 000000 000000 000000 000000 000000 000000 000000 000000 000000  ....................................
000e1024: 000000 000000 000000 000000 000000 000000                                            ..................
